translate( 0,0,0,
transform( (1,0,0,0), (0,1,0,0), (0,0,1,0), (0,0,0,1),
scale( 0.0075,0.0075,0.0075,
rotate( 1,0,0,3.311,
rotate( 0,1,0,2.441,
rotate( 0,0,1,1.093,
polymesh {name="star01";
material={
diffuse=( 0.89,0.14,0.14);
ambient=( 0.2,0.2,0.2);
specular=( 0,0,0);
emissive=( 0,0,0);
shininess=1;
};
points = (
(0.000000,0.000000,0.200000),
(0.000000,0.000000,-0.200000),
(0.000000,1.000000,0.000000),
(-0.951057,0.309017,0.000000),
(-0.587785,-0.809017,0.000000),
(0.587785,-0.809017,0.000000),
(0.951057,0.309017,0.000000),
(-0.353553,0.353553,0.000000),
(-0.445503,-0.226995,0.000000),
(0.078217,-0.493844,0.000000),
(0.493844,-0.078217,0.000000),
(0.226995,0.445503,0.000000),
);
faces = (
(0,2,7),
(1,2,7),
(0,3,7),
(1,3,7),
(0,3,8),
(1,3,8),
(0,4,8),
(1,4,8),
(0,4,9),
(1,4,9),
(0,5,9),
(1,5,9),
(0,5,10),
(1,5,10),
(0,6,10),
(1,6,10),
(0,6,11),
(1,6,11),
(0,2,11),
(1,2,11),
);
}
))))))translate( 0,0,0,
transform( (1,0,0,0), (0,1,0,0), (0,0,1,0), (0,0,0,1),
scale( 0.0075,0.0075,0.0075,
rotate( 1,0,0,-0.472,
rotate( 0,1,0,-0.080,
rotate( 0,0,1,0.609,
polymesh {name="star02";
material={
diffuse=( 0.89,0.14,0.14);
ambient=( 0.2,0.2,0.2);
specular=( 0,0,0);
emissive=( 0,0,0);
shininess=1;
};
points = (
(0.000000,0.000000,0.200000),
(0.000000,0.000000,-0.200000),
(0.000000,1.000000,0.000000),
(-0.951057,0.309017,0.000000),
(-0.587785,-0.809017,0.000000),
(0.587785,-0.809017,0.000000),
(0.951057,0.309017,0.000000),
(-0.353553,0.353553,0.000000),
(-0.445503,-0.226995,0.000000),
(0.078217,-0.493844,0.000000),
(0.493844,-0.078217,0.000000),
(0.226995,0.445503,0.000000),
);
faces = (
(0,2,7),
(1,2,7),
(0,3,7),
(1,3,7),
(0,3,8),
(1,3,8),
(0,4,8),
(1,4,8),
(0,4,9),
(1,4,9),
(0,5,9),
(1,5,9),
(0,5,10),
(1,5,10),
(0,6,10),
(1,6,10),
(0,6,11),
(1,6,11),
(0,2,11),
(1,2,11),
);
}
))))))translate( 0,0,0,
transform( (1,0,0,0), (0,1,0,0), (0,0,1,0), (0,0,0,1),
scale( 0.0075,0.0075,0.0075,
rotate( 1,0,0,1.577,
rotate( 0,1,0,-0.547,
rotate( 0,0,1,-1.544,
polymesh {name="star03";
material={
diffuse=( 0.89,0.14,0.14);
ambient=( 0.2,0.2,0.2);
specular=( 0,0,0);
emissive=( 0,0,0);
shininess=1;
};
points = (
(0.000000,0.000000,0.200000),
(0.000000,0.000000,-0.200000),
(0.000000,1.000000,0.000000),
(-0.951057,0.309017,0.000000),
(-0.587785,-0.809017,0.000000),
(0.587785,-0.809017,0.000000),
(0.951057,0.309017,0.000000),
(-0.353553,0.353553,0.000000),
(-0.445503,-0.226995,0.000000),
(0.078217,-0.493844,0.000000),
(0.493844,-0.078217,0.000000),
(0.226995,0.445503,0.000000),
);
faces = (
(0,2,7),
(1,2,7),
(0,3,7),
(1,3,7),
(0,3,8),
(1,3,8),
(0,4,8),
(1,4,8),
(0,4,9),
(1,4,9),
(0,5,9),
(1,5,9),
(0,5,10),
(1,5,10),
(0,6,10),
(1,6,10),
(0,6,11),
(1,6,11),
(0,2,11),
(1,2,11),
);
}
))))))translate( 0,0,0,
transform( (1,0,0,0), (0,1,0,0), (0,0,1,0), (0,0,0,1),
scale( 0.0075,0.0075,0.0075,
rotate( 1,0,0,-0.664,
rotate( 0,1,0,1.119,
rotate( 0,0,1,1.177,
polymesh {name="star04";
material={
diffuse=( 0.89,0.14,0.14);
ambient=( 0.2,0.2,0.2);
specular=( 0,0,0);
emissive=( 0,0,0);
shininess=1;
};
points = (
(0.000000,0.000000,0.200000),
(0.000000,0.000000,-0.200000),
(0.000000,1.000000,0.000000),
(-0.951057,0.309017,0.000000),
(-0.587785,-0.809017,0.000000),
(0.587785,-0.809017,0.000000),
(0.951057,0.309017,0.000000),
(-0.353553,0.353553,0.000000),
(-0.445503,-0.226995,0.000000),
(0.078217,-0.493844,0.000000),
(0.493844,-0.078217,0.000000),
(0.226995,0.445503,0.000000),
);
faces = (
(0,2,7),
(1,2,7),
(0,3,7),
(1,3,7),
(0,3,8),
(1,3,8),
(0,4,8),
(1,4,8),
(0,4,9),
(1,4,9),
(0,5,9),
(1,5,9),
(0,5,10),
(1,5,10),
(0,6,10),
(1,6,10),
(0,6,11),
(1,6,11),
(0,2,11),
(1,2,11),
);
}
))))))translate( 0,0,0,
transform( (1,0,0,0), (0,1,0,0), (0,0,1,0), (0,0,0,1),
scale( 0.0075,0.0075,0.0075,
rotate( 1,0,0,1.237,
rotate( 0,1,0,0.655,
rotate( 0,0,1,0.969,
polymesh {name="star05";
material={
diffuse=( 0.89,0.14,0.14);
ambient=( 0.2,0.2,0.2);
specular=( 0,0,0);
emissive=( 0,0,0);
shininess=1;
};
points = (
(0.000000,0.000000,0.200000),
(0.000000,0.000000,-0.200000),
(0.000000,1.000000,0.000000),
(-0.951057,0.309017,0.000000),
(-0.587785,-0.809017,0.000000),
(0.587785,-0.809017,0.000000),
(0.951057,0.309017,0.000000),
(-0.353553,0.353553,0.000000),
(-0.445503,-0.226995,0.000000),
(0.078217,-0.493844,0.000000),
(0.493844,-0.078217,0.000000),
(0.226995,0.445503,0.000000),
);
faces = (
(0,2,7),
(1,2,7),
(0,3,7),
(1,3,7),
(0,3,8),
(1,3,8),
(0,4,8),
(1,4,8),
(0,4,9),
(1,4,9),
(0,5,9),
(1,5,9),
(0,5,10),
(1,5,10),
(0,6,10),
(1,6,10),
(0,6,11),
(1,6,11),
(0,2,11),
(1,2,11),
);
}
))))))translate( 0,0,0,
transform( (1,0,0,0), (0,1,0,0), (0,0,1,0), (0,0,0,1),
scale( 0.0075,0.0075,0.0075,
rotate( 1,0,0,0.309,
rotate( 0,1,0,1.647,
rotate( 0,0,1,-0.576,
polymesh {name="star06";
material={
diffuse=( 0.89,0.14,0.14);
ambient=( 0.2,0.2,0.2);
specular=( 0,0,0);
emissive=( 0,0,0);
shininess=1;
};
points = (
(0.000000,0.000000,0.200000),
(0.000000,0.000000,-0.200000),
(0.000000,1.000000,0.000000),
(-0.951057,0.309017,0.000000),
(-0.587785,-0.809017,0.000000),
(0.587785,-0.809017,0.000000),
(0.951057,0.309017,0.000000),
(-0.353553,0.353553,0.000000),
(-0.445503,-0.226995,0.000000),
(0.078217,-0.493844,0.000000),
(0.493844,-0.078217,0.000000),
(0.226995,0.445503,0.000000),
);
faces = (
(0,2,7),
(1,2,7),
(0,3,7),
(1,3,7),
(0,3,8),
(1,3,8),
(0,4,8),
(1,4,8),
(0,4,9),
(1,4,9),
(0,5,9),
(1,5,9),
(0,5,10),
(1,5,10),
(0,6,10),
(1,6,10),
(0,6,11),
(1,6,11),
(0,2,11),
(1,2,11),
);
}
))))))translate( 0,0,0,
transform( (1,0,0,0), (0,1,0,0), (0,0,1,0), (0,0,0,1),
scale( 0.0075,0.0075,0.0075,
rotate( 1,0,0,1.240,
rotate( 0,1,0,-0.063,
rotate( 0,0,1,0.451,
polymesh {name="star07";
material={
diffuse=( 0.89,0.14,0.14);
ambient=( 0.2,0.2,0.2);
specular=( 0,0,0);
emissive=( 0,0,0);
shininess=1;
};
points = (
(0.000000,0.000000,0.200000),
(0.000000,0.000000,-0.200000),
(0.000000,1.000000,0.000000),
(-0.951057,0.309017,0.000000),
(-0.587785,-0.809017,0.000000),
(0.587785,-0.809017,0.000000),
(0.951057,0.309017,0.000000),
(-0.353553,0.353553,0.000000),
(-0.445503,-0.226995,0.000000),
(0.078217,-0.493844,0.000000),
(0.493844,-0.078217,0.000000),
(0.226995,0.445503,0.000000),
);
faces = (
(0,2,7),
(1,2,7),
(0,3,7),
(1,3,7),
(0,3,8),
(1,3,8),
(0,4,8),
(1,4,8),
(0,4,9),
(1,4,9),
(0,5,9),
(1,5,9),
(0,5,10),
(1,5,10),
(0,6,10),
(1,6,10),
(0,6,11),
(1,6,11),
(0,2,11),
(1,2,11),
);
}
))))))translate( 0,0,0,
transform( (1,0,0,0), (0,1,0,0), (0,0,1,0), (0,0,0,1),
scale( 0.0075,0.0075,0.0075,
rotate( 1,0,0,1.338,
rotate( 0,1,0,1.824,
rotate( 0,0,1,-0.332,
polymesh {name="star08";
material={
diffuse=( 0.89,0.14,0.14);
ambient=( 0.2,0.2,0.2);
specular=( 0,0,0);
emissive=( 0,0,0);
shininess=1;
};
points = (
(0.000000,0.000000,0.200000),
(0.000000,0.000000,-0.200000),
(0.000000,1.000000,0.000000),
(-0.951057,0.309017,0.000000),
(-0.587785,-0.809017,0.000000),
(0.587785,-0.809017,0.000000),
(0.951057,0.309017,0.000000),
(-0.353553,0.353553,0.000000),
(-0.445503,-0.226995,0.000000),
(0.078217,-0.493844,0.000000),
(0.493844,-0.078217,0.000000),
(0.226995,0.445503,0.000000),
);
faces = (
(0,2,7),
(1,2,7),
(0,3,7),
(1,3,7),
(0,3,8),
(1,3,8),
(0,4,8),
(1,4,8),
(0,4,9),
(1,4,9),
(0,5,9),
(1,5,9),
(0,5,10),
(1,5,10),
(0,6,10),
(1,6,10),
(0,6,11),
(1,6,11),
(0,2,11),
(1,2,11),
);
}
))))))translate( 0,0,0,
transform( (1,0,0,0), (0,1,0,0), (0,0,1,0), (0,0,0,1),
scale( 0.0075,0.0075,0.0075,
rotate( 1,0,0,2.046,
rotate( 0,1,0,1.446,
rotate( 0,0,1,0.718,
polymesh {name="star09";
material={
diffuse=( 0.89,0.14,0.14);
ambient=( 0.2,0.2,0.2);
specular=( 0,0,0);
emissive=( 0,0,0);
shininess=1;
};
points = (
(0.000000,0.000000,0.200000),
(0.000000,0.000000,-0.200000),
(0.000000,1.000000,0.000000),
(-0.951057,0.309017,0.000000),
(-0.587785,-0.809017,0.000000),
(0.587785,-0.809017,0.000000),
(0.951057,0.309017,0.000000),
(-0.353553,0.353553,0.000000),
(-0.445503,-0.226995,0.000000),
(0.078217,-0.493844,0.000000),
(0.493844,-0.078217,0.000000),
(0.226995,0.445503,0.000000),
);
faces = (
(0,2,7),
(1,2,7),
(0,3,7),
(1,3,7),
(0,3,8),
(1,3,8),
(0,4,8),
(1,4,8),
(0,4,9),
(1,4,9),
(0,5,9),
(1,5,9),
(0,5,10),
(1,5,10),
(0,6,10),
(1,6,10),
(0,6,11),
(1,6,11),
(0,2,11),
(1,2,11),
);
}
))))))translate( 0,0,0,
transform( (1,0,0,0), (0,1,0,0), (0,0,1,0), (0,0,0,1),
scale( 0.0075,0.0075,0.0075,
rotate( 1,0,0,0.590,
rotate( 0,1,0,0.568,
rotate( 0,0,1,0.482,
polymesh {name="star10";
material={
diffuse=( 0.89,0.14,0.14);
ambient=( 0.2,0.2,0.2);
specular=( 0,0,0);
emissive=( 0,0,0);
shininess=1;
};
points = (
(0.000000,0.000000,0.200000),
(0.000000,0.000000,-0.200000),
(0.000000,1.000000,0.000000),
(-0.951057,0.309017,0.000000),
(-0.587785,-0.809017,0.000000),
(0.587785,-0.809017,0.000000),
(0.951057,0.309017,0.000000),
(-0.353553,0.353553,0.000000),
(-0.445503,-0.226995,0.000000),
(0.078217,-0.493844,0.000000),
(0.493844,-0.078217,0.000000),
(0.226995,0.445503,0.000000),
);
faces = (
(0,2,7),
(1,2,7),
(0,3,7),
(1,3,7),
(0,3,8),
(1,3,8),
(0,4,8),
(1,4,8),
(0,4,9),
(1,4,9),
(0,5,9),
(1,5,9),
(0,5,10),
(1,5,10),
(0,6,10),
(1,6,10),
(0,6,11),
(1,6,11),
(0,2,11),
(1,2,11),
);
}
))))))translate( 0,0,0,
transform( (1,0,0,0), (0,1,0,0), (0,0,1,0), (0,0,0,1),
scale( 0.0075,0.0075,0.0075,
rotate( 1,0,0,0.808,
rotate( 0,1,0,0.837,
rotate( 0,0,1,1.611,
polymesh {name="star11";
material={
diffuse=( 0.89,0.14,0.14);
ambient=( 0.2,0.2,0.2);
specular=( 0,0,0);
emissive=( 0,0,0);
shininess=1;
};
points = (
(0.000000,0.000000,0.200000),
(0.000000,0.000000,-0.200000),
(0.000000,1.000000,0.000000),
(-0.951057,0.309017,0.000000),
(-0.587785,-0.809017,0.000000),
(0.587785,-0.809017,0.000000),
(0.951057,0.309017,0.000000),
(-0.353553,0.353553,0.000000),
(-0.445503,-0.226995,0.000000),
(0.078217,-0.493844,0.000000),
(0.493844,-0.078217,0.000000),
(0.226995,0.445503,0.000000),
);
faces = (
(0,2,7),
(1,2,7),
(0,3,7),
(1,3,7),
(0,3,8),
(1,3,8),
(0,4,8),
(1,4,8),
(0,4,9),
(1,4,9),
(0,5,9),
(1,5,9),
(0,5,10),
(1,5,10),
(0,6,10),
(1,6,10),
(0,6,11),
(1,6,11),
(0,2,11),
(1,2,11),
);
}
))))))translate( 0,0,0,
transform( (1,0,0,0), (0,1,0,0), (0,0,1,0), (0,0,0,1),
scale( 0.0075,0.0075,0.0075,
rotate( 1,0,0,2.312,
rotate( 0,1,0,1.252,
rotate( 0,0,1,0.576,
polymesh {name="star12";
material={
diffuse=( 0.89,0.14,0.14);
ambient=( 0.2,0.2,0.2);
specular=( 0,0,0);
emissive=( 0,0,0);
shininess=1;
};
points = (
(0.000000,0.000000,0.200000),
(0.000000,0.000000,-0.200000),
(0.000000,1.000000,0.000000),
(-0.951057,0.309017,0.000000),
(-0.587785,-0.809017,0.000000),
(0.587785,-0.809017,0.000000),
(0.951057,0.309017,0.000000),
(-0.353553,0.353553,0.000000),
(-0.445503,-0.226995,0.000000),
(0.078217,-0.493844,0.000000),
(0.493844,-0.078217,0.000000),
(0.226995,0.445503,0.000000),
);
faces = (
(0,2,7),
(1,2,7),
(0,3,7),
(1,3,7),
(0,3,8),
(1,3,8),
(0,4,8),
(1,4,8),
(0,4,9),
(1,4,9),
(0,5,9),
(1,5,9),
(0,5,10),
(1,5,10),
(0,6,10),
(1,6,10),
(0,6,11),
(1,6,11),
(0,2,11),
(1,2,11),
);
}
))))))translate( 0,0,0,
transform( (1,0,0,0), (0,1,0,0), (0,0,1,0), (0,0,0,1),
scale( 0.0075,0.0075,0.0075,
rotate( 1,0,0,1.411,
rotate( 0,1,0,0.969,
rotate( 0,0,1,-0.244,
polymesh {name="star13";
material={
diffuse=( 0.89,0.14,0.14);
ambient=( 0.2,0.2,0.2);
specular=( 0,0,0);
emissive=( 0,0,0);
shininess=1;
};
points = (
(0.000000,0.000000,0.200000),
(0.000000,0.000000,-0.200000),
(0.000000,1.000000,0.000000),
(-0.951057,0.309017,0.000000),
(-0.587785,-0.809017,0.000000),
(0.587785,-0.809017,0.000000),
(0.951057,0.309017,0.000000),
(-0.353553,0.353553,0.000000),
(-0.445503,-0.226995,0.000000),
(0.078217,-0.493844,0.000000),
(0.493844,-0.078217,0.000000),
(0.226995,0.445503,0.000000),
);
faces = (
(0,2,7),
(1,2,7),
(0,3,7),
(1,3,7),
(0,3,8),
(1,3,8),
(0,4,8),
(1,4,8),
(0,4,9),
(1,4,9),
(0,5,9),
(1,5,9),
(0,5,10),
(1,5,10),
(0,6,10),
(1,6,10),
(0,6,11),
(1,6,11),
(0,2,11),
(1,2,11),
);
}
))))))translate( 0,0,0,
transform( (1,0,0,0), (0,1,0,0), (0,0,1,0), (0,0,0,1),
scale( 0.0075,0.0075,0.0075,
rotate( 1,0,0,1.735,
rotate( 0,1,0,1.092,
rotate( 0,0,1,0.921,
polymesh {name="star14";
material={
diffuse=( 0.89,0.14,0.14);
ambient=( 0.2,0.2,0.2);
specular=( 0,0,0);
emissive=( 0,0,0);
shininess=1;
};
points = (
(0.000000,0.000000,0.200000),
(0.000000,0.000000,-0.200000),
(0.000000,1.000000,0.000000),
(-0.951057,0.309017,0.000000),
(-0.587785,-0.809017,0.000000),
(0.587785,-0.809017,0.000000),
(0.951057,0.309017,0.000000),
(-0.353553,0.353553,0.000000),
(-0.445503,-0.226995,0.000000),
(0.078217,-0.493844,0.000000),
(0.493844,-0.078217,0.000000),
(0.226995,0.445503,0.000000),
);
faces = (
(0,2,7),
(1,2,7),
(0,3,7),
(1,3,7),
(0,3,8),
(1,3,8),
(0,4,8),
(1,4,8),
(0,4,9),
(1,4,9),
(0,5,9),
(1,5,9),
(0,5,10),
(1,5,10),
(0,6,10),
(1,6,10),
(0,6,11),
(1,6,11),
(0,2,11),
(1,2,11),
);
}
))))))translate( 0,0,0,
transform( (1,0,0,0), (0,1,0,0), (0,0,1,0), (0,0,0,1),
scale( 0.0075,0.0075,0.0075,
rotate( 1,0,0,1.301,
rotate( 0,1,0,1.047,
rotate( 0,0,1,-0.156,
polymesh {name="star15";
material={
diffuse=( 0.89,0.14,0.14);
ambient=( 0.2,0.2,0.2);
specular=( 0,0,0);
emissive=( 0,0,0);
shininess=1;
};
points = (
(0.000000,0.000000,0.200000),
(0.000000,0.000000,-0.200000),
(0.000000,1.000000,0.000000),
(-0.951057,0.309017,0.000000),
(-0.587785,-0.809017,0.000000),
(0.587785,-0.809017,0.000000),
(0.951057,0.309017,0.000000),
(-0.353553,0.353553,0.000000),
(-0.445503,-0.226995,0.000000),
(0.078217,-0.493844,0.000000),
(0.493844,-0.078217,0.000000),
(0.226995,0.445503,0.000000),
);
faces = (
(0,2,7),
(1,2,7),
(0,3,7),
(1,3,7),
(0,3,8),
(1,3,8),
(0,4,8),
(1,4,8),
(0,4,9),
(1,4,9),
(0,5,9),
(1,5,9),
(0,5,10),
(1,5,10),
(0,6,10),
(1,6,10),
(0,6,11),
(1,6,11),
(0,2,11),
(1,2,11),
);
}
))))))translate( 0,0,0,
transform( (1,0,0,0), (0,1,0,0), (0,0,1,0), (0,0,0,1),
scale( 0.0075,0.0075,0.0075,
rotate( 1,0,0,0.623,
rotate( 0,1,0,0.639,
rotate( 0,0,1,0.253,
polymesh {name="star16";
material={
diffuse=( 0.89,0.14,0.14);
ambient=( 0.2,0.2,0.2);
specular=( 0,0,0);
emissive=( 0,0,0);
shininess=1;
};
points = (
(0.000000,0.000000,0.200000),
(0.000000,0.000000,-0.200000),
(0.000000,1.000000,0.000000),
(-0.951057,0.309017,0.000000),
(-0.587785,-0.809017,0.000000),
(0.587785,-0.809017,0.000000),
(0.951057,0.309017,0.000000),
(-0.353553,0.353553,0.000000),
(-0.445503,-0.226995,0.000000),
(0.078217,-0.493844,0.000000),
(0.493844,-0.078217,0.000000),
(0.226995,0.445503,0.000000),
);
faces = (
(0,2,7),
(1,2,7),
(0,3,7),
(1,3,7),
(0,3,8),
(1,3,8),
(0,4,8),
(1,4,8),
(0,4,9),
(1,4,9),
(0,5,9),
(1,5,9),
(0,5,10),
(1,5,10),
(0,6,10),
(1,6,10),
(0,6,11),
(1,6,11),
(0,2,11),
(1,2,11),
);
}
))))))translate( 0,0,0,
transform( (1,0,0,0), (0,1,0,0), (0,0,1,0), (0,0,0,1),
scale( 0.0075,0.0075,0.0075,
rotate( 1,0,0,2.468,
rotate( 0,1,0,-0.090,
rotate( 0,0,1,0.302,
polymesh {name="star17";
material={
diffuse=( 0.89,0.14,0.14);
ambient=( 0.2,0.2,0.2);
specular=( 0,0,0);
emissive=( 0,0,0);
shininess=1;
};
points = (
(0.000000,0.000000,0.200000),
(0.000000,0.000000,-0.200000),
(0.000000,1.000000,0.000000),
(-0.951057,0.309017,0.000000),
(-0.587785,-0.809017,0.000000),
(0.587785,-0.809017,0.000000),
(0.951057,0.309017,0.000000),
(-0.353553,0.353553,0.000000),
(-0.445503,-0.226995,0.000000),
(0.078217,-0.493844,0.000000),
(0.493844,-0.078217,0.000000),
(0.226995,0.445503,0.000000),
);
faces = (
(0,2,7),
(1,2,7),
(0,3,7),
(1,3,7),
(0,3,8),
(1,3,8),
(0,4,8),
(1,4,8),
(0,4,9),
(1,4,9),
(0,5,9),
(1,5,9),
(0,5,10),
(1,5,10),
(0,6,10),
(1,6,10),
(0,6,11),
(1,6,11),
(0,2,11),
(1,2,11),
);
}
))))))translate( 0,0,0,
transform( (1,0,0,0), (0,1,0,0), (0,0,1,0), (0,0,0,1),
scale( 0.0075,0.0075,0.0075,
rotate( 1,0,0,0.073,
rotate( 0,1,0,-0.389,
rotate( 0,0,1,0.593,
polymesh {name="star18";
material={
diffuse=( 0.89,0.14,0.14);
ambient=( 0.2,0.2,0.2);
specular=( 0,0,0);
emissive=( 0,0,0);
shininess=1;
};
points = (
(0.000000,0.000000,0.200000),
(0.000000,0.000000,-0.200000),
(0.000000,1.000000,0.000000),
(-0.951057,0.309017,0.000000),
(-0.587785,-0.809017,0.000000),
(0.587785,-0.809017,0.000000),
(0.951057,0.309017,0.000000),
(-0.353553,0.353553,0.000000),
(-0.445503,-0.226995,0.000000),
(0.078217,-0.493844,0.000000),
(0.493844,-0.078217,0.000000),
(0.226995,0.445503,0.000000),
);
faces = (
(0,2,7),
(1,2,7),
(0,3,7),
(1,3,7),
(0,3,8),
(1,3,8),
(0,4,8),
(1,4,8),
(0,4,9),
(1,4,9),
(0,5,9),
(1,5,9),
(0,5,10),
(1,5,10),
(0,6,10),
(1,6,10),
(0,6,11),
(1,6,11),
(0,2,11),
(1,2,11),
);
}
))))))translate( 0,0,0,
transform( (1,0,0,0), (0,1,0,0), (0,0,1,0), (0,0,0,1),
scale( 0.0075,0.0075,0.0075,
rotate( 1,0,0,0.511,
rotate( 0,1,0,2.315,
rotate( 0,0,1,0.536,
polymesh {name="star19";
material={
diffuse=( 0.89,0.14,0.14);
ambient=( 0.2,0.2,0.2);
specular=( 0,0,0);
emissive=( 0,0,0);
shininess=1;
};
points = (
(0.000000,0.000000,0.200000),
(0.000000,0.000000,-0.200000),
(0.000000,1.000000,0.000000),
(-0.951057,0.309017,0.000000),
(-0.587785,-0.809017,0.000000),
(0.587785,-0.809017,0.000000),
(0.951057,0.309017,0.000000),
(-0.353553,0.353553,0.000000),
(-0.445503,-0.226995,0.000000),
(0.078217,-0.493844,0.000000),
(0.493844,-0.078217,0.000000),
(0.226995,0.445503,0.000000),
);
faces = (
(0,2,7),
(1,2,7),
(0,3,7),
(1,3,7),
(0,3,8),
(1,3,8),
(0,4,8),
(1,4,8),
(0,4,9),
(1,4,9),
(0,5,9),
(1,5,9),
(0,5,10),
(1,5,10),
(0,6,10),
(1,6,10),
(0,6,11),
(1,6,11),
(0,2,11),
(1,2,11),
);
}
))))))translate( 0,0,0,
transform( (1,0,0,0), (0,1,0,0), (0,0,1,0), (0,0,0,1),
scale( 0.0075,0.0075,0.0075,
rotate( 1,0,0,-0.279,
rotate( 0,1,0,2.389,
rotate( 0,0,1,2.020,
polymesh {name="star20";
material={
diffuse=( 0.89,0.14,0.14);
ambient=( 0.2,0.2,0.2);
specular=( 0,0,0);
emissive=( 0,0,0);
shininess=1;
};
points = (
(0.000000,0.000000,0.200000),
(0.000000,0.000000,-0.200000),
(0.000000,1.000000,0.000000),
(-0.951057,0.309017,0.000000),
(-0.587785,-0.809017,0.000000),
(0.587785,-0.809017,0.000000),
(0.951057,0.309017,0.000000),
(-0.353553,0.353553,0.000000),
(-0.445503,-0.226995,0.000000),
(0.078217,-0.493844,0.000000),
(0.493844,-0.078217,0.000000),
(0.226995,0.445503,0.000000),
);
faces = (
(0,2,7),
(1,2,7),
(0,3,7),
(1,3,7),
(0,3,8),
(1,3,8),
(0,4,8),
(1,4,8),
(0,4,9),
(1,4,9),
(0,5,9),
(1,5,9),
(0,5,10),
(1,5,10),
(0,6,10),
(1,6,10),
(0,6,11),
(1,6,11),
(0,2,11),
(1,2,11),
);
}
))))))translate( 0,0,0,
transform( (1,0,0,0), (0,1,0,0), (0,0,1,0), (0,0,0,1),
scale( 0.0075,0.0075,0.0075,
rotate( 1,0,0,0.556,
rotate( 0,1,0,-0.721,
rotate( 0,0,1,0.341,
polymesh {name="star21";
material={
diffuse=( 0.89,0.14,0.14);
ambient=( 0.2,0.2,0.2);
specular=( 0,0,0);
emissive=( 0,0,0);
shininess=1;
};
points = (
(0.000000,0.000000,0.200000),
(0.000000,0.000000,-0.200000),
(0.000000,1.000000,0.000000),
(-0.951057,0.309017,0.000000),
(-0.587785,-0.809017,0.000000),
(0.587785,-0.809017,0.000000),
(0.951057,0.309017,0.000000),
(-0.353553,0.353553,0.000000),
(-0.445503,-0.226995,0.000000),
(0.078217,-0.493844,0.000000),
(0.493844,-0.078217,0.000000),
(0.226995,0.445503,0.000000),
);
faces = (
(0,2,7),
(1,2,7),
(0,3,7),
(1,3,7),
(0,3,8),
(1,3,8),
(0,4,8),
(1,4,8),
(0,4,9),
(1,4,9),
(0,5,9),
(1,5,9),
(0,5,10),
(1,5,10),
(0,6,10),
(1,6,10),
(0,6,11),
(1,6,11),
(0,2,11),
(1,2,11),
);
}
))))))translate( 0,0,0,
transform( (1,0,0,0), (0,1,0,0), (0,0,1,0), (0,0,0,1),
scale( 0.0075,0.0075,0.0075,
rotate( 1,0,0,0.629,
rotate( 0,1,0,1.061,
rotate( 0,0,1,0.524,
polymesh {name="star22";
material={
diffuse=( 0.89,0.14,0.14);
ambient=( 0.2,0.2,0.2);
specular=( 0,0,0);
emissive=( 0,0,0);
shininess=1;
};
points = (
(0.000000,0.000000,0.200000),
(0.000000,0.000000,-0.200000),
(0.000000,1.000000,0.000000),
(-0.951057,0.309017,0.000000),
(-0.587785,-0.809017,0.000000),
(0.587785,-0.809017,0.000000),
(0.951057,0.309017,0.000000),
(-0.353553,0.353553,0.000000),
(-0.445503,-0.226995,0.000000),
(0.078217,-0.493844,0.000000),
(0.493844,-0.078217,0.000000),
(0.226995,0.445503,0.000000),
);
faces = (
(0,2,7),
(1,2,7),
(0,3,7),
(1,3,7),
(0,3,8),
(1,3,8),
(0,4,8),
(1,4,8),
(0,4,9),
(1,4,9),
(0,5,9),
(1,5,9),
(0,5,10),
(1,5,10),
(0,6,10),
(1,6,10),
(0,6,11),
(1,6,11),
(0,2,11),
(1,2,11),
);
}
))))))translate( 0,0,0,
transform( (1,0,0,0), (0,1,0,0), (0,0,1,0), (0,0,0,1),
scale( 0.0075,0.0075,0.0075,
rotate( 1,0,0,1.229,
rotate( 0,1,0,1.177,
rotate( 0,0,1,-0.465,
polymesh {name="star23";
material={
diffuse=( 0.89,0.14,0.14);
ambient=( 0.2,0.2,0.2);
specular=( 0,0,0);
emissive=( 0,0,0);
shininess=1;
};
points = (
(0.000000,0.000000,0.200000),
(0.000000,0.000000,-0.200000),
(0.000000,1.000000,0.000000),
(-0.951057,0.309017,0.000000),
(-0.587785,-0.809017,0.000000),
(0.587785,-0.809017,0.000000),
(0.951057,0.309017,0.000000),
(-0.353553,0.353553,0.000000),
(-0.445503,-0.226995,0.000000),
(0.078217,-0.493844,0.000000),
(0.493844,-0.078217,0.000000),
(0.226995,0.445503,0.000000),
);
faces = (
(0,2,7),
(1,2,7),
(0,3,7),
(1,3,7),
(0,3,8),
(1,3,8),
(0,4,8),
(1,4,8),
(0,4,9),
(1,4,9),
(0,5,9),
(1,5,9),
(0,5,10),
(1,5,10),
(0,6,10),
(1,6,10),
(0,6,11),
(1,6,11),
(0,2,11),
(1,2,11),
);
}
))))))translate( 0,0,0,
transform( (1,0,0,0), (0,1,0,0), (0,0,1,0), (0,0,0,1),
scale( 0.0075,0.0075,0.0075,
rotate( 1,0,0,-0.163,
rotate( 0,1,0,0.044,
rotate( 0,0,1,0.278,
polymesh {name="star24";
material={
diffuse=( 0.89,0.14,0.14);
ambient=( 0.2,0.2,0.2);
specular=( 0,0,0);
emissive=( 0,0,0);
shininess=1;
};
points = (
(0.000000,0.000000,0.200000),
(0.000000,0.000000,-0.200000),
(0.000000,1.000000,0.000000),
(-0.951057,0.309017,0.000000),
(-0.587785,-0.809017,0.000000),
(0.587785,-0.809017,0.000000),
(0.951057,0.309017,0.000000),
(-0.353553,0.353553,0.000000),
(-0.445503,-0.226995,0.000000),
(0.078217,-0.493844,0.000000),
(0.493844,-0.078217,0.000000),
(0.226995,0.445503,0.000000),
);
faces = (
(0,2,7),
(1,2,7),
(0,3,7),
(1,3,7),
(0,3,8),
(1,3,8),
(0,4,8),
(1,4,8),
(0,4,9),
(1,4,9),
(0,5,9),
(1,5,9),
(0,5,10),
(1,5,10),
(0,6,10),
(1,6,10),
(0,6,11),
(1,6,11),
(0,2,11),
(1,2,11),
);
}
))))))translate( 0,0,0,
transform( (1,0,0,0), (0,1,0,0), (0,0,1,0), (0,0,0,1),
scale( 0.0075,0.0075,0.0075,
rotate( 1,0,0,0.465,
rotate( 0,1,0,0.798,
rotate( 0,0,1,-2.244,
polymesh {name="star25";
material={
diffuse=( 0.89,0.14,0.14);
ambient=( 0.2,0.2,0.2);
specular=( 0,0,0);
emissive=( 0,0,0);
shininess=1;
};
points = (
(0.000000,0.000000,0.200000),
(0.000000,0.000000,-0.200000),
(0.000000,1.000000,0.000000),
(-0.951057,0.309017,0.000000),
(-0.587785,-0.809017,0.000000),
(0.587785,-0.809017,0.000000),
(0.951057,0.309017,0.000000),
(-0.353553,0.353553,0.000000),
(-0.445503,-0.226995,0.000000),
(0.078217,-0.493844,0.000000),
(0.493844,-0.078217,0.000000),
(0.226995,0.445503,0.000000),
);
faces = (
(0,2,7),
(1,2,7),
(0,3,7),
(1,3,7),
(0,3,8),
(1,3,8),
(0,4,8),
(1,4,8),
(0,4,9),
(1,4,9),
(0,5,9),
(1,5,9),
(0,5,10),
(1,5,10),
(0,6,10),
(1,6,10),
(0,6,11),
(1,6,11),
(0,2,11),
(1,2,11),
);
}
))))))translate( 0,0,0,
transform( (1,0,0,0), (0,1,0,0), (0,0,1,0), (0,0,0,1),
scale( 0.0075,0.0075,0.0075,
rotate( 1,0,0,0.328,
rotate( 0,1,0,2.028,
rotate( 0,0,1,-0.281,
polymesh {name="star26";
material={
diffuse=( 0.89,0.14,0.14);
ambient=( 0.2,0.2,0.2);
specular=( 0,0,0);
emissive=( 0,0,0);
shininess=1;
};
points = (
(0.000000,0.000000,0.200000),
(0.000000,0.000000,-0.200000),
(0.000000,1.000000,0.000000),
(-0.951057,0.309017,0.000000),
(-0.587785,-0.809017,0.000000),
(0.587785,-0.809017,0.000000),
(0.951057,0.309017,0.000000),
(-0.353553,0.353553,0.000000),
(-0.445503,-0.226995,0.000000),
(0.078217,-0.493844,0.000000),
(0.493844,-0.078217,0.000000),
(0.226995,0.445503,0.000000),
);
faces = (
(0,2,7),
(1,2,7),
(0,3,7),
(1,3,7),
(0,3,8),
(1,3,8),
(0,4,8),
(1,4,8),
(0,4,9),
(1,4,9),
(0,5,9),
(1,5,9),
(0,5,10),
(1,5,10),
(0,6,10),
(1,6,10),
(0,6,11),
(1,6,11),
(0,2,11),
(1,2,11),
);
}
))))))translate( 0,0,0,
transform( (1,0,0,0), (0,1,0,0), (0,0,1,0), (0,0,0,1),
scale( 0.0075,0.0075,0.0075,
rotate( 1,0,0,1.719,
rotate( 0,1,0,1.136,
rotate( 0,0,1,0.756,
polymesh {name="star27";
material={
diffuse=( 0.89,0.14,0.14);
ambient=( 0.2,0.2,0.2);
specular=( 0,0,0);
emissive=( 0,0,0);
shininess=1;
};
points = (
(0.000000,0.000000,0.200000),
(0.000000,0.000000,-0.200000),
(0.000000,1.000000,0.000000),
(-0.951057,0.309017,0.000000),
(-0.587785,-0.809017,0.000000),
(0.587785,-0.809017,0.000000),
(0.951057,0.309017,0.000000),
(-0.353553,0.353553,0.000000),
(-0.445503,-0.226995,0.000000),
(0.078217,-0.493844,0.000000),
(0.493844,-0.078217,0.000000),
(0.226995,0.445503,0.000000),
);
faces = (
(0,2,7),
(1,2,7),
(0,3,7),
(1,3,7),
(0,3,8),
(1,3,8),
(0,4,8),
(1,4,8),
(0,4,9),
(1,4,9),
(0,5,9),
(1,5,9),
(0,5,10),
(1,5,10),
(0,6,10),
(1,6,10),
(0,6,11),
(1,6,11),
(0,2,11),
(1,2,11),
);
}
))))))translate( 0,0,0,
transform( (1,0,0,0), (0,1,0,0), (0,0,1,0), (0,0,0,1),
scale( 0.0075,0.0075,0.0075,
rotate( 1,0,0,0.968,
rotate( 0,1,0,-0.780,
rotate( 0,0,1,0.701,
polymesh {name="star28";
material={
diffuse=( 0.89,0.14,0.14);
ambient=( 0.2,0.2,0.2);
specular=( 0,0,0);
emissive=( 0,0,0);
shininess=1;
};
points = (
(0.000000,0.000000,0.200000),
(0.000000,0.000000,-0.200000),
(0.000000,1.000000,0.000000),
(-0.951057,0.309017,0.000000),
(-0.587785,-0.809017,0.000000),
(0.587785,-0.809017,0.000000),
(0.951057,0.309017,0.000000),
(-0.353553,0.353553,0.000000),
(-0.445503,-0.226995,0.000000),
(0.078217,-0.493844,0.000000),
(0.493844,-0.078217,0.000000),
(0.226995,0.445503,0.000000),
);
faces = (
(0,2,7),
(1,2,7),
(0,3,7),
(1,3,7),
(0,3,8),
(1,3,8),
(0,4,8),
(1,4,8),
(0,4,9),
(1,4,9),
(0,5,9),
(1,5,9),
(0,5,10),
(1,5,10),
(0,6,10),
(1,6,10),
(0,6,11),
(1,6,11),
(0,2,11),
(1,2,11),
);
}
))))))